%d	D	B	C	C_0	P_u	v_ref	v_lim	mass
%[mm]	[mm]	[mm]	[N]	[N]	[N]	[rpm]	[rpm]	[g]
0.6	2.5	1.2	34	7	0	260000	160000	0.02
1	3	1	52	12	1	240000	150000	0.03
1	3	1.5	52	12	1	240000	150000	0.1
1	4	1.6	79	18	1	220000	140000	0.1
1.2	4	1.8	62	16	1	220000	140000	0.1
1.5	4	1.2	62	16	1	220000	140000	0.1
1.5	5	2	135	36	2	200000	120000	0.2
1.5	6	2.5	190	51	2	180000	110000	0.38
2	4	1.2	68	19	1	200000	130000	0.1
2	5	1.5	94	25	1	200000	120000	0.15
2	5	2	94	25	1	200000	120000	0.16
2	6	2.3	190	51	2	180000	110000	0.28
2	6	2.5	190	51	2	180000	110000	0.3
2	7	2.8	221	67	3	160000	100000	0.5
2	7	2.5	221	67	3	160000	100000	0.42
2.5	6	1.8	117	36	2	170000	110000	0.2
2.5	7	2.5	221	67	3	160000	100000	0.4
2.5	8	2.8	312	88	4	160000	95000	0.6
2.5	8	2.5	319	90	4	150000	95000	0.4
3	6	2	117	36	2	170000	110000	0.2
3	7	2	178	57	2	160000	100000	0.34
3	8	3	319	90	4	150000	95000	0.7
3	8	2.5	225	72	3	150000	90000	0.6
3	9	3	325	95	4	140000	90000	0.8
3	9	2.5	325	95	4	140000	90000	0.75
3	10	4	358	110	5	140000	90000	1.6
3	13	5	741	250	11	110000	70000	3.1
4	7	2	178	57	3	150000	95000	0.2
4	8	2	225	72	3	150000	90000	0.4
4	9	2.5	364	114	5	140000	85000	0.6
4	10	3	553	245	11	130000	80000	1
4	11	4	540	176	8	130000	80000	2
4	12	4	540	176	8	130000	80000	2
4	13	5	741	250	11	110000	70000	2.8
4	16	5	761	265	11	100000	63000	5
5	8	2	174	61	3	140000	85000	0.3
5	9	2.5	247	85	4	130000	85000	0.5
5	10	3	247	85	4	130000	85000	1
5	11	3	403	143	6	120000	75000	1.2
5	13	4	761	335	14	110000	70000	2.4
5	14	5	761	260	11	110000	67000	3.1
5	16	5	1430	630	27	100000	63000	4.6
5	19	6	2030	880	38	85000	56000	7.5
6	10	2.5	286	112	5	120000	75000	0.6
6	12	3	403	146	6	110000	70000	1.3
6	13	3.5	618	224	10	110000	67000	1.9
6	15	5	761	265	11	100000	63000	3.6
6	17	6	1950	830	36	95000	60000	5.5
6	19	6	1530	585	25	85000	56000	7.2
6	22	7	1990	780	34	75000	48000	12.2
7	11	2.5	260	104	4	110000	70000	0.6
7	13	3	312	143	6	100000	63000	1.6
7	14	3.5	663	260	11	100000	63000	2.1
7	17	5	923	365	16	90000	56000	4.9
7	19	6	1530	585	25	85000	56000	6.8
7	22	7	1990	780	34	75000	48000	11.7
7	26	9	1970	1960	83	67000	40000	22.7
8	12	2.5	312	140	6	100000	63000	0.7
8	14	3.5	462	193	8	95000	60000	1.9
8	16	4	715	300	12	90000	56000	3.2
8	19	6	1250	455	20	85000	53000	6.3
8	22	7	1990	780	34	75000	48000	11.1
8	24	8	1470	1120	48	70000	45000	16.4
8	28	9	1970	1960	83	67000	40000	27.3
9	14	3	520	236	10	95000	60000	1.2
9	17	4	761	335	14	85000	53000	3.5
9	20	6	2120	1060	45	80000	50000	7.2
9	24	7	2030	815	36	70000	43000	13.4
9	26	8	3970	1960	83	67000	40000	18.2
9	30	10	4360	2320	100	56000	36000	33.5
10	15	3	488	220	9	85000	56000	1.4
10	19	5	1480	830	36	80000	48000	4.8
10	19	7	1480	830	36	80000	48000	6.8
10	22	6	2340	1250	54	70000	45000	8.9
10	26	8	3970	1960	83	67000	40000	17.6
10	30	9	4360	2320	100	60000	36000	29.1
10	35	11	7020	3400	146	53000	34000	50.5
12	18	4	527	265	11	75000	48000	2.7
12	21	5	1510	900	39	70000	43000	5.4
12	21	7	1510	900	39	70000	43000	7.6
12	24	6	2510	1460	62	67000	40000	10.4
12	28	8	4420	2360	102	60000	36000	18.5
12	32	10	5720	3000	127	53000	34000	34.4
12	37	12	8320	4150	176	48000	30000	56.6
15	20	3.5	527	290	12	67000	43000	2.2
15	21	4	527	290	12	67000	40000	3.3
15	21	3.5	527	290	12	67000	40000	3.1
15	24	5	1650	1080	48	60000	38000	6.4
15	24	7	1650	1080	48	60000	38000	9.1
15	28	7	3710	2240	95	56000	34000	15
15	32	9	4880	2800	120	50000	32000	27.3
15	35	11	6370	3600	156	48000	30000	42.2
15	42	13	9950	5400	232	40000	26000	78.6
16	22	4	553	320	14	63000	40000	3.8
16	23	4.5	832	585	27	60000	38000	4
17	23	4	559	340	15	60000	38000	3.6
17	26	5	1780	1270	54	56000	34000	7.3
17	26	7	1780	1270	54	56000	34000	10.2
17	30	7	3970	2550	108	50000	32000	16.1
17	35	10	4940	3150	137	45000	28000	36.7
17	40	12	8060	4750	200	40000	26000	62.2
17	47	14	11700	6550	280	36000	22000	108.5
18	24	4	806	630	29	56000	36000	4
20	25	4	572	365	16	53000	34000	3.2
20	27	4	585	390	17	50000	32000	5.4
20	32	7	3120	2080	90	48000	30000	16.2
20	32	10	3120	2080	90	48000	30000	23
20	37	9	5530	3650	156	43000	26000	33.2
20	42	12	8060	5000	212	38000	24000	62.1
20	47	14	10800	6550	280	34000	22000	101.8
20	52	15	13800	7800	335	34000	20000	139.7
25	32	4	618	465	20	43000	26000	6.5
25	37	7	3380	2500	108	38000	24000	19.9
25	37	10	3380	2500	108	38000	24000	28.3
25	42	9	6050	4500	193	34000	22000	39.5
25	47	12	8710	5850	250	32000	20000	73.1
25	52	15	11700	7650	335	30000	19000	124.1
25	62	17	17800	11200	480	26000	17000	227.7
30	37	4	650	530	22	36000	22000	7.6
30	42	7	3580	2900	125	34000	20000	22.8
30	42	10	3580	2900	125	34000	20000	35
30	47	9	6240	5000	212	30000	19000	44.5
30	55	13	11400	8150	355	28000	17000	108
30	62	16	16500	11200	480	26000	16000	187.2
30	72	19	22900	15000	640	22000	14000	340
35	44	5	1060	915	39	30000	19000	14
35	47	7	3710	3350	140	30000	18000	26.9
35	55	10	9360	7650	325	26000	16000	70.1
35	62	14	13800	10222	440	24000	15000	141
35	72	17	22100	15300	655	22000	14000	267.7
35	80	21	28600	19000	815	20000	13000	447
40	50	6	1430	1270	54	26000	16000	21.3
40	52	7	3900	3750	160	26000	16000	29.3
40	62	12	11900	9800	425	24000	14000	104.8
40	68	15	14600	11400	490	22000	14000	176.9
40	80	18	25100	17600	750	20000	12000	344.9
45	55	6	1460	1370	60	24000	15000	23.6
45	58	7	4940	5000	212	24000	14000	34.5
45	68	12	12100	10800	465	20000	13000	117.9
45	75	16	18200	15000	640	20000	12000	228.1
45	85	19	28100	20400	865	18000	11000	377
50	62	6	1530	1530	67	22000	13000	34.8
50	65	7	5070	5500	236	20000	13000	48
50	72	12	12500	11600	500	19000	12000	131.6
50	80	16	19000	16600	710	18000	11000	245.8
50	90	20	30200	23200	980	17000	10000	427.9
